0.0 1.0 0.0 0.0 0.0
0.04005340453938585 0.999198294054906 -0.04001059404279537 0.0016037356418061057 0.08005329396111385
0.0801068090787717 0.996798307817492 -0.07976448109771134 0.00640852723056699 0.15978564612759144
0.12016021361815754 0.9928154511612435 -0.11900632240498314 0.014395105475091687 0.2388775937513925
0.1602136181575434 0.9872752994036889 -0.157483453349196 0.025531473655919627 0.31701255181050925
0.20026702269692923 0.9802134828019701 -0.19494712839116746 0.03977302452834745 0.39387815747670174
0.24032042723631508 0.9716754873345382 -0.23115395406942563 0.057062755368473765 0.46916781560920034
0.2803738317757009 0.9617164195317739 -0.265867096295483 0.07733152145718099 0.5425820024251061
0.3204272363150868 0.950400721910018 -0.29885749183095145 0.10049834292247459 0.6138295752380959
0.3604806408544726 0.9378018368235339 -0.3299050839674904 0.1264707673736897 0.6826291103085015
0.40053404539385845 0.9240018195366645 -0.3587999728405776 0.15514528757671972 0.7487101513367166
0.44058744993324434 0.9090909086131982 -0.38534352113589554 0.1864078055330235 0.8118144121057641
0.48064085447263016 0.8931670526899921 -0.409349401579353 0.22013414406310572 0.8716969195555233
0.520694259012016 0.8763354148684069 -0.43064461038233226 0.25619058291725794 0.9281271218986773
0.5607476635514018 0.8587077926608697 -0.44907036075042933 0.29443448707573766 0.980889873635893
0.6008010680907877 0.8404020438364916 -0.46448294390306366 0.3347149293841439 1.0297863871307906
0.6408544726301736 0.8215414765643182 -0.47675453531275064 0.37687335227975416 1.0746351279320792
0.6809078771695594 0.8022541793113009 -0.48577385628389097 0.42074429649488837 1.1152725614421721
0.7209612817089452 0.7826723581737399 -0.49144681331404505 0.4661561224533253 1.1515538766207878
0.7610146862483311 0.7629316397445892 -0.4936970508987967 0.5129317700955472 1.1833536207108906
0.8010680907877169 0.7431703387009853 -0.49246634839196435 0.5608895596595643 1.2105661734322897
0.8411214953271028 0.7235287234680232 -0.48771493430165913 0.6098439966221996 1.233106135947017
0.8811748998664887 0.7041482944914117 -0.4794219159537715 0.6596065604498939 1.2509088387770904
0.9212283044058746 0.6851710468635532 -0.46758558869817557 0.7099865129163001 1.263930725499085
0.9612817089452603 0.6667386431169554 -0.4522229828608256 0.7607918205800641 1.2721489502674075
1.0013351134846462 0.6489916229417332 -0.43337011289259275 0.8118300199572334 1.2755617003137218
1.041388518024032 0.6320686904465938 -0.4110818970618455 0.8629090106267334 1.2741881765919174
1.081441922563418 0.6161061059187325 -0.38543214865166403 0.9138377374027692 1.2680686464536273
1.1214953271028036 0.6012366877096122 -0.35651288415399063 0.9644272976692518 1.2572637972804692
1.1615487316421895 0.5875892531789083 -0.3244341801544725 1.0144915766931095 1.2418546485289725
1.2016021361815754 0.5752878697416297 -0.2893236615549252 1.0638480904342404 1.2219420867068003
1.2416555407209613 0.5644510836137543 -0.2513258407057065 1.1123188558885504 1.1976462464207773
1.2817089452603472 0.5551914075601952 -0.2106015671492009 1.159730991722962 1.1691059976883553
1.321762349799733 0.5476145651476276 -0.1673272313669513 1.2059175755112437 1.1364781872678702
1.3618157543391187 0.5418188986677723 -0.12169395235639023 1.250718333322145 1.0999368571442973
1.4018691588785046 0.5378948626168255 -0.0739067076183371 1.2939802427205338 1.0596724000020337
1.4419225634178905 0.5359243796692345 -0.024183304748720977 1.335558281982244 1.0158905568593528
1.4819759679572764 0.5359804200103294 0.027246588454555132 1.3753159487468558 0.9688114651109915
1.5220293724966623 0.5381265914410371 0.08014248819662831 1.4131257699552116 0.9186686289918332
1.5620827770360481 0.5424166212744291 0.13425434566633224 1.448869927116931 0.8657076814840821
1.6021361815754338 0.5488940662737868 0.1893236755332011 1.4824406459879327 0.8101852617247003
1.6421895861148197 0.5575919774909451 0.24508481883130845 1.5137406358536858 0.7523677554775924
1.6822429906542056 0.568532644590914 0.3012662178056842 1.5426834479810296 0.6925300189518643
1.7222963951935915 0.5817273916599365 0.3575917311894878 1.5691937827113493 0.6309540577349849
1.7623497997329773 0.5971763902285108 0.41378195488382863 1.5932077791676937 0.567927699063427
1.8024032042723632 0.6148685993175249 0.46955560665320345 1.6146731772708507 0.5037431902067492
1.842456608811749 0.6347816898161218 0.5246308774990609 1.633549494908134 0.43869583167866777
1.8825100133511348 0.6568820491204475 0.5787268156007999 1.649808124236081 0.37308257173511616
1.9225634178905207 0.6811248694438958 0.6315647051739808 1.6634323427619988 0.30720059995959875
1.9626168224299065 0.7074542336848878 0.6828694322985593 1.6744173265947937 0.24134595407483767
2.0026702269692924 0.7358033008634918 0.7323708477323463 1.68277006234522 0.17581212252669534
2.0427236315086783 0.7660945433081684 0.7798050957171709 1.6885092055440603 0.1108886774342856
2.082777036048064 0.7982399964638079 0.8249159351203456 1.69166492602223 0.04685991425504265
2.12283044058745 0.8321416167617766 0.8674560095815244 1.6922786420948785 -0.015996465320327433
2.162883845126836 0.867691654753154 0.9071880826996545 1.690402738291609 -0.07741063669168995
2.202937249666222 0.9047730670908968 0.9438862500045624 1.6861002429672636 -0.13712191529419446
2.2429906542056073 0.9432600236511268 0.9773370562059986 1.6794444066418086 -0.19487993187587108
2.283044058744993 0.9830184073191485 1.0073405950294738 1.6705182872626803 -0.2504457900221738
2.323097463284379 1.0239063744943213 1.033711546007766 1.6594142720159142 -0.3035931651937229
2.363150867823765 1.0657749805756878 1.056280097669274 1.6462335298414634 -0.35410929545991726
2.403204272363151 1.1084687963412432 1.0748928651714027 1.6310854729613093 -0.4017959662053877
2.4432576769025367 1.1518265960680691 1.0894136816659954 1.6140871418318326 -0.44647037448997673
2.4833110814419226 1.1956820812576798 1.099724271348349 1.59536255024621 -0.48796587877327924
2.5233644859813085 1.2398645095702308 1.1057251526410088 1.5750421336894989 -0.5261329701347502
2.5634178905206944 1.2841996166833929 1.1073357799595325 1.5532618767060884 -0.5608395097206988
2.6034712950600802 1.3285102568466232 1.1044954227565953 1.5301627487472398 -0.5919716768103318
2.643524699599466 1.3726172784296984 1.0971632072367044 1.5058898744317795 -0.6194341053370115
2.683578104138852 1.4163402833302978 1.0853186649623432 1.4805918383787968 -0.6431505130852305
2.7236315086782374 1.4594984642829634 1.0689617435861631 1.4544198924236726 -0.6630638059450449
2.7636849132176233 1.5019114356525187 1.0481129655094354 1.4275271748215586 -0.6791363272461923
2.803738317757009 1.5434000303401219 1.0228134771476103 1.40006795887258 -0.6913499982302782
2.843791722296395 1.5837871527803289 0.993124766833171 1.3721968333277998 -0.699706135519334
2.883845126835781 1.6228985691847526 0.9591287700796007 1.3440679596231344 -0.7042256462887445
2.923898531375167 1.6605637262483544 0.9209271542562374 1.3158342694398546 -0.7049484189295162
2.9639519359145527 1.6966165453030961 0.8786413851387748 1.2876467164162089 -0.7019334805134358
3.0040053404539386 1.7308961474848694 0.8324116573464234 1.2596535517584804 -0.6952580361233641
3.0440587449933245 1.763247723566407 0.7823971625929119 1.231999509596855 -0.6850178271580749
3.0841121495327104 1.7935232289123362 0.7287751479744577 1.2048251166782387 -0.6713262952315621
3.1241655540720963 1.8215819089052034 0.6717394608256704 1.1782661471854357 -0.6543132360609129
3.164218958611482 1.8472912082057897 0.6115001501550122 1.1524527447199893 -0.6341245041617782
3.2042723631508676 1.8705273606637036 0.5482823515646758 1.127508827273168 -0.6109210028853135
3.2443257676902535 1.8911757968131737 0.48232625496957127 1.1035517102024883 -0.5848787314062989
3.2843791722296394 1.9091318273034006 0.41388538638698463 1.0806913975052514 -0.556187185730987
3.3244325767690253 1.9243011802565078 0.3432253590927613 1.0590300306461522 -0.5250482161844134
3.364485981308411 1.9366004954095781 0.27062261866849613 1.0386613798031594 -0.4916748771599217
3.404539385847797 1.9459577243123851 0.19636335910000347 1.019670432935877 -0.4562904414446889
3.444592790387183 1.9523123646745213 0.12074260398939204 1.0021331472580166 -0.41912757219987684
3.484646194926569 1.9556158940516195 0.04406256164725794 0.9861159844643137 -0.38042678766063853
3.5246995994659547 1.9558320257620794 -0.03336873252576973 0.9716756251710351 -0.3404352015317492
3.5647530040053406 1.952936926457629 -0.11123883336788115 0.9588587184956819 -0.29940520398657994
3.6048064085447264 1.9469193633627282 -0.18923227104829277 0.9477016995053436 -0.25759317287247274
3.6448598130841123 1.9377807279496932 -0.26703177593206706 0.9382307263422771 -0.2152583392002525
3.684913217623498 1.9255351345709075 -0.3443199281891513 0.930461535580983 -0.17266123558759913
3.7249666221628837 1.9102093996255634 -0.42078051097342345 0.9243994159079736 -0.1300624320274193
3.7650200267022695 1.8918429678579314 -0.49609997644407383 0.9200392300055692 -0.08772115987865203
3.8050734312416554 1.870487772073885 -0.5699689019437714 0.9173654994810952 -0.0458939438570628
3.8451268357810413 1.8462080141913002 -0.6420832356615446 0.9163525668003774 -0.004833437829828872
3.885180240320427 1.819079937658778 -0.7121458620577222 0.9169647591328046 0.035213054245736265
3.925233644859813 1.7891915380129086 -0.7798678538500111 0.9191566139690305 0.07400475271191323
3.965287049399199 1.7566421979821492 -0.8449697759755506 0.9228731757202736 0.11130862880740879
4.005340453938585 1.7215422780784386 -0.9071830017925373 0.9280503333974355 0.14690064564169647
4.04539385847797 1.684012661328855 -0.9662509155650961 0.9346152018558704 0.18056688947598917
4.085447263017357 1.6441842473436288 -1.0219300803515456 0.942486550550577 0.2121046690007606
4.125500667556742 1.6021973781920424 -1.073991382433429 0.9515752947516835 0.24132359208900503
4.165554072096128 1.5582013135527069 -1.1222209466649848 0.961784947739239 0.26804642645290855
4.205607476635514 1.5123535585414003 -1.166421200852588 0.9730122023251543 0.29211009974753693
4.2456608811749 1.4648191643866861 -1.2064118010740434 0.9851475396994097 0.31336656760117443
4.285714285714286 1.4157700547029735 -1.242030394595032 0.998075818462361 0.33168352797531403
4.325767690253672 1.3653842647619188 -1.2731333803394898 1.011676941123982 0.3469451316309421
4.365821094793057 1.3138452287819853 -1.2995964931881003 1.0258264803273967 0.3590525257842259
4.405874499332444 1.2613409747106907 -1.3213154349818632 1.040396386664935 0.36792444055826096
4.445927903871829 1.2080633885368945 -1.3382061994034729 1.0552556374364268 0.3734974846266513
4.485981308411215 1.1542069880051404 -1.3502059134696371 1.070271315279308 0.37572692418289505
4.526034712950601 1.0999686215679654 -1.3572724375406047 1.085308878419439 0.3745862957461922
4.566088117489986 1.0455463900249962 -1.3593849449376725 1.1002331095619295 0.3700679377601276
4.606141522029373 0.991138782159245 -1.3565438632151634 1.1149088774757239 0.3621829160352405
4.646194926568758 0.9369438435417887 -1.3487709887789494 1.1292018693663246 0.35096111615676634
4.686248331108144 0.8831583222686932 -1.3361092184048429 1.1429793421968837 0.3364509682122313
4.72630173564753 0.829976829498879 -1.3186224270566826 1.156110860325041 0.3187193121879411
4.766355140186916 0.7775909943770839 -1.2963951520462207 1.1684690370920836 0.2978510775115004
4.806408544726302 0.7261886696318582 -1.2695320771790177 1.1799302265056413 0.27394877103050963
4.846461949265688 0.6759530900666195 -1.2381577960062173 1.1903752619690213 0.2471322324655104
4.886515353805073 0.6270621488532533 -1.2024158675225731 1.1996900768803482 0.2175377131444537
4.926568758344459 0.5796875795599328 -1.1624684453660397 1.2077664198642415 0.18531750311473583
4.966622162883845 0.5339943048104894 -1.118495263316326 1.21450240541283 0.15063894412357304
5.006675567423231 0.4901396639551991 -1.0706930270380972 1.2198031835895407 0.11368382985510571
5.046728971962617 0.44827284167064946 -1.0192742669162922 1.2235814130192704 0.07464729382378285
5.086782376502002 0.4085341563443633 -0.964466547024844 1.225757871002788 0.033737035595700765
5.126835781041389 0.37105455340502624 -0.9065112701240252 1.2262618640904628 -0.008827835006409502
5.166889185580774 0.3359550766694233 -0.8456625193422173 1.2250316600239495 -0.05281791915207491
5.2069425901201605 0.3033463334982302 -0.7821860099076535 1.2220149264973115 -0.09799454438921229
5.246995994659546 0.273328075141241 -0.7163577896612778 1.2171690576313223 -0.1441110175897494
5.287049399198932 0.24598881028181033 -0.6484629418354503 1.2104614686999113 -0.19091387442750912
5.327102803738318 0.22140548237354601 -0.5787942760846506 1.201869829793806 -0.23814413749023922
5.367156208277704 0.19964316030103882 -0.5076509896621355 1.1913822865120907 -0.2855386025173977
5.4072096128170895 0.18075482872867854 -0.4353372643001186 1.1789975848371705 -0.3328311823815964
5.447263017356475 0.16478122183745572 -0.3621608717932055 1.1647251547862696 -0.37975424023894605
5.487316421895861 0.15175067728919325 -0.2884317658131132 1.1485851746396116 -0.4260399351180486
5.527369826435247 0.1416791179839786 -0.21446064233639822 1.130608513069317 -0.47142159149858026
5.567423230974633 0.1345700283914682 -0.14055752839427482 1.110836676874814 -0.5156350413706808
5.607476635514018 0.13041450050315506 -0.06703035986404128 1.0893216923353588 -0.5584199733091221
5.647530040053405 0.12919136850219756 0.005816425522555443 1.066125902450994 -0.5995212618221064
5.68758344459279 0.1308673669652311 0.07768326875392788 1.041321742315103 -0.6386902694183596
5.7276368491321765 0.13539734223499802 0.14827685635171037 1.014991464206487 -0.675686132246605
5.767690253671562 0.14272455097218317 0.2173114530816356 0.9872267800543336 -0.7102770069815021
5.807743658210948 0.1527809685953989 0.28451012977736445 0.9581284992156244 -0.7422412164130447
5.847797062750334 0.16548768380317994 0.3496061505558755 0.9278060746087731 -0.7713685402783356
5.88785046728972 0.18075533182133968 0.4123440132749036 0.8963771282413875 -0.797461171741612
5.9279038718291055 0.19848454174452496 0.47248062768842286 0.8639669556643417 -0.820334803312078
5.967957276368491 0.21856647980668414 0.529786427721481 0.83070793993235 -0.8398196411831806
6.008010680907877 0.24088340526708804 0.5840463632830433 0.7967389586293006 -0.8557613024037387
6.048064085447263 0.26530930593684837 0.6350608729439088 0.7622047133622938 -0.8680216852778427
6.088117489986649 0.2917104696438972 0.6826466611453174 0.72725513123283 -0.8764796579797723
6.1281708945260345 0.31994599559431947 0.7266372889470796 0.6920448337945816 -0.8810315729696061
6.168224299065421 0.349868977160756 0.7668845419655432 0.6567319087904425 -0.881592458729496
6.208277703604806 0.38132689155464966 0.8032585941798625 0.6214775182587278 -0.8780961341722469
6.248331108144193 0.41416225226433856 0.8356482519086458 0.5864452437062706 -0.8704953712403758
6.288384512683578 0.44821357907504156 0.8639618089743626 0.5518000897590423 -0.8587626098315615
6.328437917222964 0.4833160953047857 0.8881272960677781 0.5177077843748767 -0.8428901182219328
6.36849132176235 0.5193025499773165 0.9080926158450735 0.4843339596806243 -0.8228900224045252
6.408544726301735 0.5560039966098071 0.923825831908709 0.45184336958493176 -0.7987944932364597
6.4485981308411215 0.5932506235054809 0.9353150639140722 0.4203990735723768 -0.7706555381413784
6.488651535380507 0.6308725434103405 0.9425686201597987 0.39016164998780023 -0.7385450313057623
6.528704939919893 0.6687005950328642 0.945614573426073 0.3612884211203594 -0.7025541886970439
6.568758344459279 0.7065671523858771 0.9445010211682078 0.3339326420101192 -0.6627937244512616
6.608811748998665 0.7443068904787986 0.939295481533425 0.3082427694124585 -0.6193931482507655
6.6488651535380505 0.7817575493041394 0.930084142903844 0.2843617389047086 -0.5724999168302198
6.688918558077437 0.8187607814996052 0.9169715413838387 0.2624261403332451 -0.5222790081805533
6.728971962616822 0.8551627070007626 0.9000803235888385 0.24256568196033615 -0.46891259363429866
6.769025367156209 0.8908146970161036 0.8795503136722307 0.22490245579937235 -0.4125990066472646
6.809078771695594 0.925574113166855 0.8555375499328137 0.20955024943926936 -0.35355168331481024
6.84913217623498 0.9593048133163388 0.8282137974866697 0.19661407209241374 -0.2919985878213712
6.889185580774366 0.9918778811105498 0.7977653693948806 0.18618948453058792 -0.22818093851766919
6.929238985313751 1.0231721496084347 0.7643922165658166 0.17836212691622028 -0.16235221153520793
6.969292389853138 1.053074654286672 0.7283069843823171 0.1732073204471983 -0.09477711465740998
7.009345794392523 1.081481236720767 0.6897337523895472 0.17078952703869227 -0.025730237933402844
7.049399198931909 1.108296899235004 0.6489069748953122 0.17116205641564852 0.04450508237233476
7.089452603471295 1.1334362194253524 0.6060702298801031 0.17436671925404099 0.1156380945826313
7.129506008010681 1.1568237308094822 0.5614749099107901 0.18043351761558626 0.18737201859272343
7.169559412550067 1.1783941255268038 0.5153791266187165 0.18938051191432592 0.25940520961336083
7.209612817089453 1.1980925623290675 0.46804622301903787 0.20121359181292944 0.3314327196264753
7.249666221628838 1.2158748430719282 0.419743470958747 0.21592637767879125 0.4031476659976943
7.289719626168225 1.2317075076773751 0.37074085031440074 0.23350020438676578 0.4742425129970962
7.32977303070761 1.2455679624048013 0.32130948092930833 0.2539040805388601 0.5444107043964708
7.369826435246996 1.2574444678878973 0.2717204272922803 0.27709478329294 0.6133479125306063
7.409879839786382 1.267336107504386 0.22224331907538009 0.30301697861323984 0.6807534714361878
7.449933244325767 1.2752527213720162 0.17314486962055647 0.33160338008068196 0.7463319104343649
7.489986648865154 1.2812147527903315 0.12468776133896997 0.362774990286925 0.809794111487945
7.530040053404539 1.2852530592697844 0.07712917315385287 0.3964413871615147 0.8708588265897179
7.570093457943925 1.2874086680875976 0.030719491119850603 0.4325010642463339 0.9292540059370369
7.610146862483311 1.2877324848931946 -0.014298753401260366 0.4708418153441575 0.9847178921466777
7.650200267022697 1.2862849423824505 -0.057692211310474084 0.5113411870213888 1.037000380287395
7.690253671562083 1.2831356249468115 -0.09923786028760559 0.553866953143996 1.085864189456707
7.730307076101469 1.278362818822456 -0.13872412698161152 0.5982776660238683 1.131086007968649
7.770360480640854 1.2720530451125358 -0.17595183899621014 0.6444232226454859 1.1724574631646563
7.810413885180241 1.2643005280128337 -0.2107352511566029 0.6921454998439281 1.2097861629437745
7.850467289719626 1.2552066537851967 -0.24290293910168628 0.741278997307319 1.2428966001142938
7.890520694259012 1.244879373100447 -0.2722986395527882 0.7916515384298674 1.271630999219759
7.930574098798398 1.23343257791841 -0.29878199922193105 0.8430849963434562 1.2958500677961338
7.970627503337783 1.2209854555061392 -0.3222292310394219 0.8953960425080815 1.315433650769458
8.01068090787717 1.2076617996939205 -0.3425337345032272 0.9483969392627284 1.3302813451799298
8.050734312416555 1.193589336509021 -0.3596065681817451 1.0018963154686673 1.3403129626419206
8.09078771695594 1.178898976648635 -0.3733768983559829 1.0557000177357398 1.3454689640315112
8.130841121495328 1.1637241175601576 -0.38379227795088977 1.1096119079533813 1.3457107200625322
8.170894526034713 1.1481998642896578 -0.3908189218094045 1.1634347450563092 1.3410207647597876
8.210947930574099 1.1324623152679645 -0.3944418078748178 1.2169709971450655 1.331402870173736
8.251001335113484 1.1166477849547576 -0.39466473378721406 1.2700237190739527 1.3168820726111652
8.291054739652871 1.1008920550306787 -0.39151026319789417 1.3223973979361467 1.297504585001157
8.331108144192257 1.0853296076535757 -0.38501956968328555 1.3738988180183822 1.2733376017012998
8.371161548731642 1.0700929909479093 -0.3752522271629524 1.4243377760031435 1.2444690529692368
8.411214953271028 1.0553119556317838 -0.36228586025133225 1.4735280539627134 1.2110072034417867
8.451268357810413 1.0411127674860576 -0.34621570285515063 1.5212881938047664 1.1730801618945785
8.4913217623498 1.0276175441564221 -0.32715410266770645 1.5674422448563425 1.1308353350545837
8.531375166889186 1.0149436014489914 -0.3052299560168493 1.611820501307914 1.0844388085592784
8.571428571428571 1.003202745107628 -0.28058798259233503 1.6542603020851068 1.0340745574363825
8.611481975967957 0.9925006699562473 -0.25338796339018094 1.6946067110211238 0.9799436216412454
8.651535380507344 0.9829363904625379 -0.22380392586828896 1.7327131630112302 0.9222632266981843
8.69158878504673 0.9746016902833747 -0.19202324986492716 1.768442090351079 0.8612658210705765
8.731642189586115 0.9675806057361146 -0.15824570642887184 1.8016655126260275 0.7971980434207917
8.7716955941255 0.9619489287977837 -0.12268237586744749 1.832265607395986 0.7303195621777001
8.811748998664887 0.9577737955956127 -0.08555458145997616 1.860135186453846 0.660901933456215
8.851802403204273 0.95511327916787 -0.047092720386413885 1.8851781699468584 0.5892273493988246
8.891855807743658 0.9540160229548786 -0.007534997272802352 1.9073100180609914 0.5155872834362901
8.931909212283044 0.9545210534765614 0.032873601374185234 1.9264579605802932 0.44028139472436534
8.97196261682243 0.9566574554830899 0.07388271818877276 1.942561387831443 0.3636160181812714
9.012016021361816 0.9604442422402536 0.11523791077757004 1.955572025500353 0.2859027894267184
9.052069425901202 0.9658900960098532 0.1566818981227862 1.965454249575302 0.20745731165354014
9.092122830440587 0.9729934253772624 0.19795597692229394 1.9721850621442099 0.1285976397678343
9.132176234979973 0.9817422064085661 0.2388012866905485 1.9757542985688015 0.049642925489201066
9.17222963951936 0.9921140727148139 0.27896021534239235 1.976164568310488 -0.029088088472065468
9.212283044058745 1.0040764636373745 0.31817771346948415 1.9734311332479333 -0.10727848204145493
9.25233644859813 1.0175865597617522 0.35620262267823877 1.9675820137476157 -0.18461458023320182
9.292389853137516 1.0325916863709839 0.39278898312544186 1.9586575931804686 -0.2607873668424717
9.332443257676903 1.0490294189532494 0.42769730111052146 1.9467105410671115 -0.33549384938855287
9.372496662216289 1.0668278364571553 0.46069584575634914 1.9318055783620312 -0.40843845769642395
9.412550066755674 1.0859060044565763 0.49156178582512344 1.9140189940293277 -0.47933428541474377
9.45260347129506 1.1061741645280396 0.5200824641893218 1.8934384783096174 -0.5479044642219022
9.492656875834445 1.1275343121759338 0.5460564595638748 1.870162536503986 -0.6138833312209853
9.532710280373832 1.1498806540451374 0.569294621051526 1.8443000312720863 -0.6770175653318911
9.572763684913218 1.1730999849274897 0.5896212519079402 1.8159698134977817 -0.7370674739199786
9.612817089452603 1.1970724463617248 0.6068748224420052 1.785299935903525 -0.7938078088850717
9.652870493991989 1.2216719560746307 0.6209090284678503 1.7524272249999175 -0.8470289268022223
9.692923898531376 1.2467668902054905 0.6315935531083974 1.717496577017931 -0.8965376529370319
9.732977303070761 1.2722207825261325 0.6388146697985307 1.6806602311546235 -0.9421579837399984
9.773030707610147 1.2978928880067628 0.642476150235841 1.6420771951491413 -0.9837320968796155
9.813084112149532 1.3236390158932319 0.6424995596349414 1.6019123678238467 -1.0211207432284195
9.853137516688918 1.349312193533777 0.638824827831664 1.5603358483286627 -1.0542039157854757
9.893190921228305 1.3747633870618428 0.6314107904641162 1.517522184707604 -1.0828814896167125
9.93324432576769 1.399842335053095 0.6202351549721457 1.4736494847267974 -1.107073277688524
9.973297730307076 1.424398236856025 0.6052950406039949 1.4288986981002665 -1.1267196686649408
10.013351134846461 1.4482805799444758 0.586606874323837 1.3834527312953202 -1.1417816109468193
10.053404539385848 1.4713398974562417 0.5642063583544661 1.3374956370642768 -1.1522406676989556
10.093457943925234 1.4934285322375964 0.5381486940075748 1.2912118066884444 -1.158099333924208
10.13351134846462 1.5144014273174926 0.5085079914423108 1.244785104746214 -1.1593805225172615
10.173564753004005 1.5341168668412297 0.4753772763962194 1.1983980768998626 -1.1561276586106835
10.213618157543392 1.552437244111036 0.4388680883136378 1.1522311146514514 -1.1484043573130505
10.253671562082777 1.5692297599208518 0.3991098186680682 1.1064616814733335 -1.1362938331992216
10.293724966622163 1.5843671775523385 0.35624950419492585 1.0612634980805802 -1.1198987768856636
10.333778371161548 1.5977284733385648 0.31045088240243657 1.0168058065199628 -1.0993404734980519
10.373831775700934 1.6091994847856694 0.26189374624200745 0.9732526474794959 -1.0747582264673834
10.413885180240321 1.6186736286283938 0.21077339693820527 0.9307620705611365 -1.0463088847984447
10.453938584779706 1.6260523775993314 0.15729937227588364 0.8894855618252614 -1.0141656192129376
10.493991989319092 1.631245875080021 0.10169470862023104 0.8495673512769836 -0.9785172495185566
10.534045393858477 1.6341734594309794 0.04419490209910589 0.8111438006081406 -0.939567260548886
10.574098798397864 1.6347641400704715 -0.014953156484674896 0.7743428383674882 -0.8975327887063911
10.61415220293725 1.6329570200552197 -0.07549235503057222 0.7392834449390414 -0.8526434951470987
10.654205607476635 1.628701669048495 -0.13715655809936445 0.7060751860293213 -0.8051404109860589
10.69425901201602 1.6219584861476128 -0.19967183120558435 0.6748177552739746 -0.755274755295318
10.734312416555408 1.612698986602768 -0.2627577160634762 0.6456005915208203 -0.7033066962432367
10.774365821094793 1.6009060191105053 -0.3261285373861695 0.6185025651861478 -0.6495040751364991
10.814419225634179 1.58657395147349 -0.3894947294917347 0.5935916947695145 -0.5941411086158502
10.854472630173564 1.5697088167247348 -0.452564465094943 0.5709248815373235 -0.5374967888115487
10.89452603471295 1.5503283373299226 -0.5150443595781211 0.5505478339796297 -0.47985418860575685
10.934579439252337 1.5284620014022081 -0.5766415125305887 0.5324948425862187 -0.42149844823323324
10.974632843791722 1.5041509879584776 -0.6370646925513848 0.5167887677412603 -0.36271559795583996
11.014686248331108 1.4774481429211797 -0.6960260530819021 0.5034409375165589 -0.30379085946478024
11.054739652870493 1.4484177320168488 -0.7532421272525391 0.4924513204154422 -0.24500764371834843
11.09479305740988 1.4171352380973647 -0.8084351360034285 0.48380862864731344 -0.18664624266162874
11.134846461949266 1.3836871234474064 -0.8613344616116916 0.47749044276736896 -0.1289823548627745
11.174899866488651 1.3481705305477847 -0.9116778684053751 0.47346341561036853 -0.07228585660795903
11.214953271028037 1.3106929266387173 -0.9592129534544818 0.47168351200987346 -0.016819341755027903
11.255006675567424 1.271371675879518 -1.0036983016344674 0.47209634023186137 0.03716305152518719
11.29506008010681 1.2303335878820578 -1.0449047271932033 0.47463749890737983 0.08941690114629033
11.335113484646195 1.1877143513858874 -1.0826163049821804 0.47923304874795297 0.13970856192036843
11.37516688918558 1.143658010452321 -1.1166313963117134 0.4857999401170196 0.18781621818201216
11.415220293724966 1.098316416258234 -1.146763771888965 0.494246456515186 0.23353103434580472
11.455273698264353 1.0518485391675103 -1.172843479734254 0.5044728097339132 0.27665806364716095
11.495327102803738 1.0044198207721866 -1.1947177206672122 0.516371691576869 0.31701716197814983
11.535380507343124 0.9562014709568025 -1.2122516165307478 0.5298288847631394 0.35444380005712567
11.57543391188251 0.9073697218458894 -1.2253289231822722 0.5447239155169739 0.38878982485595676
11.615487316421897 0.8581050812520004 -1.2338526229912432 0.560930712498406 0.41992410260807045
11.655540720961282 0.8085914991470139 -1.2377454725740082 0.5783183474726294 0.4477331251476624
11.695594125500667 0.7590157644941735 -1.2369503456868718 0.5967515735902363 0.4721213962571575
11.735647530040053 0.7095664630656192 -1.2314306495613765 0.6160917623886967 0.49301192697074214
11.77570093457944 0.6604331268701713 -1.2211707122994175 0.6361976665070704 0.5103466864784345
11.815754339118826 0.6118056186959469 -1.2061755717337324 0.6569259902580261 0.5240864483145306
11.855807743658211 0.5638731416165361 -1.1864713442450732 0.6781322803343076 0.5342112355160926
11.895861148197596 0.5168234443682684 -1.1621049543361208 0.6996716604650927 0.5407201256912934
11.935914552736982 0.4708419748553252 -1.1331441519004684 0.7213996019814813 0.5436313419821327
11.975967957276369 0.42611105733425164 -1.0996771452297047 0.7431726851727849 0.5429819683787991
12.016021361815755 0.3828090804870011 -1.0618123130307093 0.7648493474504714 0.5388277422037338
12.05607476635514 0.3411096863181796 -1.0196777857180275 0.7862906344438364 0.5312427196215447
12.096128170894525 0.30118102030129196 -0.9734207938753386 0.807360898758402 0.5203187136071429
12.136181575433913 0.26318491661399457 -0.9232073300777764 0.8279285522722106 0.5061650377185187
12.176234979973298 0.22727624405488767 -0.8692210878695541 0.8478666849560526 0.48890754477634946
12.216288384512684 0.19360213002038631 -0.8116629367249116 0.8670537852860758 0.46868818835584836
12.256341789052069 0.16230136390681052 -0.7507498824771773 0.8853743035194666 0.44566408123902884
12.296395193591454 0.13350370556991414 -0.6867142406045389 0.9027192997830333 0.4200067623554996
12.336448598130842 0.10732934113092431 -0.6198025421789413 0.9189869591500173 0.3919012015691354
12.376502002670227 0.08388830680461903 -0.5502744582943132 0.9340831365717527 0.3615448228890486
12.416555407209612 0.0632799876214549 -0.47840169521131304 0.9479218317813357 0.329146498275092
12.456608811748998 0.04559268870987895 -0.40446669979163674 0.9604256001336982 0.2949253558514285
12.496662216288385 0.03090313710215552 -0.3287615606795552 0.9715260246129406 0.2591097795604921
12.53671562082777 0.019276288628040896 -0.2515864636746775 0.9811639104257265 0.22193597112867225
12.576769025367156 0.010764903744160021 -0.17324853762538386 0.9892896886892993 0.18364689510253573
12.616822429906541 0.005409278077396999 -0.09406047795694059 0.9958636794257556 0.14449100553854935
12.656875834445929 0.00323714568330358 -0.014339044838449985 1.000856195529685 0.10472084884615918
12.696929238985314 0.0042634876814218285 0.06559629709556217 1.0042477325659365 0.06459180551148694
12.7369826435247 0.0084904411111087 0.14542480306683372 1.006029066179336 0.024360768424144964
12.777036048064085 0.015907306242666147 0.22482592242248667 1.0062012586124005 -0.015715228420948003
12.81708945260347 0.026490570955786188 0.30348071863674936 1.0047756487695747 -0.05538032840462299
12.857142857142858 0.04020400455467478 0.3810733076622066 1.001773777966795 -0.09438118934595152
12.897196261682243 0.05699880604213364 0.45729227896543256 0.9972272650447445 -0.13246830415564984
12.937249666221629 0.07681381994716979 0.5318320907403269 0.9911776187245005 -0.1693972969105113
12.977303070761014 0.09957579861670858 0.6043944399881853 0.9836760067869177 -0.20493019486847355
13.017356475300401 0.125199669430619 0.6746896257646946 0.9747830207419349 -0.2388366938645753
13.057409879839787 0.15358899925566497 0.7424378046087806 0.9645682573996545 -0.2708953204094857
13.097463284379172 0.18463637419262982 0.807370274981172 0.9531099791732229 -0.3008946213156118
13.137516688918558 0.2182238223029953 0.8692306630678241 0.940494734832245 -0.3286342576403691
13.177570093457945 0.25422339261041554 0.9277760736671077 0.9268168351791282 -0.3539260660381192
13.21762349799733 0.2924976823286038 0.9827781715869077 0.9121778773508379 -0.3765950520374073
13.257676902536716 0.33290045623133846 1.0340241916537372 0.8966861841042602 -0.396480314728775
13.297730307076101 0.37527728226040125 1.0813178789387534 0.880456228568831 -0.4134359037282216
13.337783711615486 0.41946621246901766 1.1244803516119601 0.8636080174686056 -0.4273316014047916
13.377837116154874 0.4652984999038172 1.1633508890374753 0.8462664416633687 -0.43805363273608844
13.41789052069426 0.5125993304017371 1.1977876202814894 0.8285606144089646 -0.4455052787911624
13.457943925233645 0.5611885970503652 1.227668141728012 0.8106231704155221 -0.4496074216815694
13.49799732977303 0.6108816694969482 1.2528900163225796 0.7925895719899376 -0.45029897514454237
13.538050734312417 0.6614902532012726 1.2733712491971882 0.7745973302962352 -0.44753729201085285
13.578104138851803 0.7128232077050521 1.2890506126834012 0.756785268340155 -0.4412984263365427
13.618157543391188 0.7646872726830829 1.2998877779961822 0.7392928752203831 -0.43157720919523407
13.658210947930574 0.8168880660052895 1.305863581971489 0.7222593994404697 -0.4183874537944925
13.69826435246996 0.8692308810263802 1.3069800302490062 0.7058231384003676 -0.40176190735350487
13.738317757009346 0.9215214153149608 1.3032601736197722 0.6901207961835168 -0.38175208155004
13.778371161548732 0.9735668012234534 1.2947480373016291 0.6752865517861419 -0.3584281309588908
13.818424566088117 1.0251763480845462 1.2815083342006257 0.6614514079118972 -0.3318785267823505
13.858477970627503 1.0761622769272643 1.2636260919304028 0.6487425489915427 -0.3022096478899833
13.89853137516689 1.1263407125620024 1.241206233267393 0.6372824529177142 -0.26954532276645615
13.938584779706275 1.175532345251772 1.214373045900485 0.6271883232616122 -0.23402627156638778
13.97863818424566 1.2235631600991486 1.1832695607355888 0.6185714582622671 -0.19580945876748215
14.018691588785046 1.2702653282691363 1.1480568000594231 0.611536466210696 -0.15506731612575078
14.058744993324433 1.3154777694438826 1.1089130427480904 0.6061807986177922 -0.11198699199115386
14.098798397863819 1.3590468416400938 1.066032937064823 0.6025941632378401 -0.06676944967946896
14.138851802403204 1.400827095887394 1.0196264803673032 0.600857876992368 -0.019628435348208913
14.17890520694259 1.4406817548844681 0.969918090252937 0.6010444848892236 0.02921045524434742
14.218958611481977 1.4784832270619406 0.9171455578177233 0.6032173472510792 0.07951082485853204
14.259012016021362 1.5141137714161381 0.8615587860954262 0.6074300850409443 0.1310267364571355
14.299065420560748 1.5474658535024395 0.8034186739166715 0.6137263213719916 0.1835038210260185
14.339118825100133 1.5784425923427006 0.7429958473955461 0.6221393388759149 0.23668053627203586
14.379172229639519 1.6069581243224433 0.680569358816419 0.6326918189252649 0.2902894528701713
14.419225634178906 1.6329378945731179 0.6164254490170902 0.6453956449950997 0.34405847465497374
14.459279038718291 1.65631895909978 0.5508560204695278 0.6602517143738416 0.3977123405918168
14.499332443257677 1.6770501363749217 0.4841574292448395 0.6772498725936491 0.45097380783310104
14.539385847797062 1.6950921865948236 0.4166290121273741 0.6963688391719297 0.5035650936104441
14.57943925233645 1.7104178916399937 0.34857156838647324 0.7175762317942147 0.5552093548844949
14.619492656875835 1.7230120866915029 0.28028618437324543 0.7408286144915606 0.6056318318491005
14.65954606141522 1.7328716564295747 0.2120731859162631 0.7660715719599231 0.6545608648092317
14.699599465954606 1.7400054203244364 0.14422968506953407 0.7932399867055983 0.7017302682104067
14.739652870493993 1.7444341907294003 0.07704851419714437 0.8222580542761719 0.7468803695039651
14.779706275033378 1.7461902290311626 0.010817708481189757 0.8530398504794324 0.7897584728629667
14.819759679572764 1.745317209636163 -0.054181367229114555 0.8854894944132056 0.830120674536048
14.85981308411215 1.741870012939535 -0.11767568570979267 0.9195014675672444 0.8677334648634232
14.899866488651535 1.7359142064391628 -0.17940120900366735 0.9549611695731592 0.9023743217899325
14.939919893190922 1.72752575548185 -0.23910442325091646 0.9917453098734639 0.9338331769082159
14.979973297730307 1.7167905463352602 -0.2965433912621408 1.0297224539261536 0.9619133986721085
15.020026702269693 1.7038039043896571 -0.3514888529796193 1.0687535785400302 0.9864328202222363
15.060080106809078 1.6886700675777722 -0.4037252576538613 1.1086926688609853 1.0072246960248912
15.100133511348465 1.6715015975014043 -0.4530516833321756 1.149387372550476 1.024138541732349
15.14018691588785 1.6524188221091958 -0.4992828100096427 1.190679624808125 1.0370410297598653
15.180240320427236 1.6315491818371215 -0.5422496982013602 1.2324063614680736 1.0458166834204718
15.220293724966622 1.6090264891283175 -0.5818004002903526 1.274400311352384 1.0503683976535305
15.260347129506007 1.5849903611823835 -0.617800855605951 1.3164906282553972 1.050618255380784
15.300400534045394 1.5595853410969622 -0.650135082295262 1.3585038043986795 1.0465076176788666
15.34045393858478 1.532960319783075 -0.6787060865185568 1.400264313528342 1.0379979537086252
15.380507343124165 1.5052676222937222 -0.7034357409362516 1.4415955469892991 1.0250706127636653
15.42056074766355 1.4766623700160455 -0.7242655875963679 1.4823205117758123 1.0077275437076822
15.460614152202938 1.4473015935178513 -0.7411564934996372 1.5222627312707906 0.9859908428744483
15.500667556742323 1.417343523224958 -0.7540892558799032 1.5612470066913369 0.9599032704327082
15.540720961281709 1.3869467521964942 -0.7630641196013567 1.5991002621513097 0.9295276608411983
15.580774365821094 1.3562694716612735 -0.7681010801633319 1.6356523489626982 0.8949471310197813
15.620827770360481 1.3254687012868278 -0.7692392225322038 1.6707368151830604 0.856264313039851
15.660881174899867 1.2946994963109022 -0.7665369182768409 1.704191734197434 0.81360145401931
15.700934579439252 1.2641141640077906 -0.760071664239107 1.7358605089176518 0.7671001538065221
15.740987983978638 1.233861625127274 -0.7499388443747625 1.7655924834202463 0.71692001917859
15.781041388518023 1.2040865983632225 -0.7362512909646064 1.7932437680784277 0.6632381195695406
15.82109479305741 1.1749288065046575 -0.7191386140385214 1.8186780328947487 0.606248209192745
15.861148197596796 1.1465225306761337 -0.6987469984120959 1.841766965970996 0.5461604363552668
15.901201602136181 1.1189959835349645 -0.6752384348997034 1.8623908925996449 0.48320047301246566
15.941255006675567 1.09247058235489 -0.6487894443953474 1.8804394744151178 0.4176081270937778
15.981308411214954 1.0670603346036363 -0.6195899744453344 1.8958122987995605 0.3496361334250122
16.02136181575434 1.0428713250397603 -0.5878425155718061 1.9084193776199316 0.27954917180573097
16.061415220293725 1.0200013362597078 -0.5537612297483512 1.9181815049993873 0.20762290190258487
16.10146862483311 0.9985394231821176 -0.5175708566053854 1.9250306540210051 0.13414277160127924
16.141522029372496 0.9785654252743825 -0.4795053478574222 1.928910426500158 0.05940254834811995
16.18157543391188 0.9601496293084981 -0.4398066380911432 1.9297763512955148 -0.01629700447386591
16.22162883845127 0.9433524592759635 -0.3987233716505405 1.927596154652817 -0.09264949640213418
16.261682242990656 0.9282242832043919 -0.35650972733168895 1.9223499091745917 -0.16934417506204658
16.30173564753004 0.9148052374552064 -0.31342412866507946 1.9140301608446115 -0.24606730612262362
16.341789052069426 0.9031250318929014 -0.269727774897584 1.9026420699668645 -0.3225037343163799
16.381842456608812 0.8932028715651298 -0.2256834121697893 1.8882034348146017 -0.3983381956033763
16.421895861148197 0.8850474159049376 -0.18155387160162606 1.8707446717788332 -0.4732568662942712
16.461949265687583 0.8786568210392527 -0.13760080919576198 1.8503087113737822 -0.5469487030543765
16.502002670226968 0.8740188288407154 -0.09408340138266014 1.8269508436039101 -0.6191068258275639
16.542056074766354 0.871110869907089 -0.05125689093932681 1.8007385443510497 -0.6894300512296294
16.582109479305743 0.8699002387991137 -0.009371438552664566 1.7717512303107332 -0.7576241113908185
16.622162883845128 0.870344336383484 0.03132928605288711 1.7400799396542928 -0.8234031363515812
16.662216288384514 0.872390957021251 0.07060929961135286 1.7058269678277322 -0.8864909163285845
16.7022696929239 0.8759786162598816 0.10824141987670408 1.669105460735676 -0.9466220793151011
16.742323097463284 0.8810369269001035 0.14400852748868867 1.6300389542649083 -1.003543416124619
16.78237650200267 0.8874870246437301 0.17770463153653493 1.5887608639196296 -1.057015003173748
16.822429906542055 0.8952420346996032 0.20913591550096092 1.545413930719212 -1.1068113028847322
16.86248331108144 0.9042075798315763 0.2381217199324316 1.5001496235055476 -1.1527221972049129
16.902536715620826 0.9142823256924971 0.26449545911058764 1.4531275020440504 -1.1945539515386154
16.942590120160215 0.925358563883129 0.2881054600516142 1.4045145404541683 -1.2321300970156532
16.9826435246996 0.9373228321233668 0.308815710799468 1.3544844116118833 -1.2652922175608015
17.022696929238986 0.9500565155074688 0.3265066605404875 1.3032167914457586 -1.2939007912812324
17.06275033377837 0.9634365518562501 0.3410757158684997 1.2508965537096515 -1.317835713476701
17.102803738317757 0.9773361488013851 0.3524377413168016 1.1977129524433685 -1.3369968237804097
17.142857142857142 0.9916254678637197 0.360525567989446 1.143858839052845 -1.3513044424639444
17.182910547396528 1.0061722965079678 0.365290328438908 1.089529891806978 -1.360699726342915
17.222963951935913 1.0208428944282408 0.36670165044815506 1.0349236624065479 -1.3651448738263987
17.2630173564753 1.0355026314692028 0.3647478843045017 0.9802388410590808 -1.3646233692495155
17.303070761014688 1.0500168115622124 0.3594361376620311 0.9256743262984949 -1.3591400231540292
17.343124165554073 1.0642513938906546 0.3507922383709626 0.8714284020367153 -1.3487209385906178
17.38317757009346 1.0780737319492966 0.33886061666185685 0.8176978958227783 -1.3334133933039696
17.423230974632844 1.0913533518460248 0.3237040931900401 0.764677296017217 -1.3132856232735528
17.46328437917223 1.103962628208762 0.3054035538228278 0.7125579757238888 -1.2884264884802568
17.503337783711615 1.1157775655413387 0.28405756104284785 0.6615273062236544 -1.2589450720775202
17.543391188251 1.1266784304925779 0.25978183762584617 0.6117679258486501 -1.2249701457295177
17.583444592790386 1.1365504799767718 0.23270873909655396 0.5634569088505856 -1.1866496238883175
17.623497997329775 1.1452846009145714 0.20298653132204827 0.5167650261149545 -1.1441498135996904
17.66355140186916 1.1527778915892806 0.1707786996514091 0.47185606687623466 -1.0976546962771603
17.703604806408546 1.1589343167572874 0.13626309936089848 0.4288860829980943 -1.0473650448973488
17.74365821094793 1.1636652292816365 0.09963107487824785 0.38800277289564805 -0.9934975064540623
17.783711615487316 1.1668899019583427 0.06108649492230831 0.3493448544132078 -0.9362835964814151
17.823765020026702 1.168536006913092 0.020844728185678455 0.3130414925028943 -0.8759686304103392
17.863818424566087 1.1685400545348443 -0.020868441010274984 0.2792117691357997 -0.812810591168918
17.903871829105473 1.1668477871964549 -0.06381795137379734 0.24796420044662243 -0.747078938811948
17.94392523364486 1.16341453170938 -0.10776064521893644 0.2193962970452077 -0.6790533751304925
17.983978638184247 1.1582054945977367 -0.15244650385037375 0.19359418417510985 -0.6090225492367778
18.024032042723633 1.1511960116329902 -0.19761991024688827 0.17063226986007277 -0.5372827329757034
18.064085447263018 1.1423717475082824 -0.2430209430822834 0.1505729653768044 -0.4641364617756751
18.104138851802404 1.131728842227434 -0.2883866953910558 0.13346646173339904 -0.3898911476431655
18.14419225634179 1.1192740047052139 -0.33345261082348615 0.11935056170936542 -0.314857671551953
18.184245660881174 1.1050245413893605 -0.3779538323996336 0.10825058040680496 -0.23934895982426208
18.22429906542056 1.0890083453435455 -0.4216265509127928 0.10017928760461359 -0.16367855888777708
18.264352469959945 1.0712638859207193 -0.46420934753009657 0.09513684960173306 -0.0881592159574372
18.30440587449933 1.0518399594482264 -0.5054445527909294 0.0931110235176014 -0.013101430965796851
18.34445927903872 1.0307956484805814 -0.5450795579433806 0.09407713184967365 0.06118793245782317
18.384512683578105 1.0081999812542952 -0.5828681152490361 0.09799835427986617 0.13440703990789143
18.42456608811749 0.9841317359932021 -0.6185716187139766 0.10482586664477732 0.20626045188479608
18.464619492656876 0.9586790471421367 -0.6519603408363706 0.11449919015872026 0.27646045470487013
18.50467289719626 0.931939064597064 -0.6828146235714861 0.12694648604739736 0.3447283426849988
18.544726301735647 0.9040174853393215 -0.7109261461957725 0.14208497973725168 0.4107957893282118
18.584779706275032 0.8750282434679448 -0.7360985042106577 0.15982125295319485 0.4744054825866437
18.624833110814418 0.8450926655700927 -0.7581492819161424 0.18005201776429205 0.5353133745749992
18.664886515353807 0.8143392397127543 -0.7769100040324518 0.20266435645825878 0.5932886536521684
18.704939919893192 0.7829028519517309 -0.7922275138627021 0.2275364431381058 0.6481152604849748
18.744993324432578 0.7509242168866191 -0.8039647701517697 0.25453809268403993 0.6995927785399613
18.785046728971963 0.718549182541514 -0.8120015995756937 0.2835314402935869 0.7475372912025681
18.82510013351135 0.6859279842704107 -0.8162354079223637 0.31437167476501215 0.7917822028954916
18.865153538050734 0.6532149114769823 -0.8165814985111941 0.34690736601490335 0.8321786067035974
18.90520694259012 0.6205670899573401 -0.8129738968930702 0.38098167586150183 0.8685962789572252
18.945260347129505 0.5881436963369767 -0.8053660938894575 0.41643313032931906 0.900924538082275
18.98531375166889 0.5561056023382884 -0.7937305349266689 0.45309600479915285 0.9290717631728136
19.02536715620828 0.5246143771908675 -0.7780594438260102 0.4908013097473362 0.9529663617731461
19.065420560747665 0.4938314798735552 -0.7583647006017922 0.5293776216772933 0.9725567473320171
19.10547396528705 0.4639175040601049 -0.7346781539008498 0.5686518421953445 0.9878117527172309
19.145527369826436 0.4350313705425554 -0.7070512378219194 0.6084500394378473 0.9987203468333103
19.18558077436582 0.4073295488798815 -0.6755551372923971 0.6485982371935218 1.0052919015525945
19.225634178905207 0.38096527061608904 -0.6402802664004691 0.688923242247408 1.0075557674111113
19.265687583444592 0.35608774818006883 -0.6013362102164327 0.7292534455155133 1.0055613159575236
19.305740987983977 0.3328414647091618 -0.5588509474647988 0.7694195822470761 0.9993772545399343
19.345794392523363 0.3113653735250354 -0.5129707464378332 0.809255555084995 0.9890916232647851
19.385847797062752 0.29179220239962594 -0.46385947399162786 0.8485991768089353 0.9748111960560211
19.425901201602137 0.27424785146600633 -0.4116974936918744 0.8872928368950994 0.9566604636468784
19.465954606141523 0.25885060297924606 -0.3566810180397318 0.9251843370272906 0.9347810824219627
19.506008010680908 0.245710601530199 -0.29902159617206236 0.9621274506807179 0.9093314474197689
19.546061415220294 0.23492925009752857 -0.23894509668284025 0.9979825882300414 0.8804857606291117
19.58611481975968 0.2265985977473972 -0.17669035339288502 1.0326174849978624 0.8484327600798024
19.626168224299064 0.22080092278151534 -0.11250850236446688 1.0659076668555263 0.8133751355577131
19.66622162883845 0.21760819052777325 -0.046661604761085176 1.0977370686865406 0.7755282316262563
19.706275033377835 0.21708164442659228 0.020578517092571386 1.1279985134853792 0.7351189583419828
19.746328437917224 0.21927151891287402 0.08893135609779826 1.1565940692889491 0.6923847834887892
19.78638184245661 0.22421666268323356 0.1581091057420493 1.1834355047382676 0.6475724188925349
19.826435246995995 0.23194424516784792 0.22781803487514 1.2084446629926051 0.6009365123539839
19.86648865153538 0.24246956098695757 0.2977598156895497 1.2315537385364137 0.552738381967448
19.906542056074766 0.25579591431427956 0.36763280541239685 1.252705475103399 0.5032447919111962
19.94659546061415 0.2719144815339473 0.4371335340823403 1.271853391456473 0.45272652231691474
19.986648865153537 0.29080426391043795 0.5059580685088878 1.2889619165479977 0.401457057242004
20.026702269692922 0.3124320988033673 0.5738034641463949 1.3040064698299398 0.34971118211270513
20.06675567423231 0.3367527401433238 0.6403691254794742 1.3169734723686677 0.2977636676518574
20.106809078771697 0.3637089742698334 0.7053582610587968 1.327860326427201 0.2458878570120584
20.146862483311082 0.3932317952324896 0.7684792299525802 1.3366753350955771 0.19435435643644988
20.186915887850468 0.4252406420025297 0.8294469551330517 1.3434375634402462 0.14342965607864308
20.226969292389853 0.459643688685534 0.8879842208063747 1.3481766459724236 0.09337486202173433
20.26702269692924 0.49633818926502493 0.9438230185530637 1.3509325425358616 0.044444376338079225
20.307076101468624 0.5352108622471151 0.9967057740489196 1.351755253375156 -0.0031153081186669276
20.34712950600801 0.5761383438753138 1.0463866140304738 1.3507044685659517 -0.049066856565990094
20.387182910547395 0.6189876815523883 1.092632546345148 1.3478491769906726 -0.09318325856360303
20.427236315086784 0.6636168530636956 1.1352244887163945 1.3432672475978327 -0.1352488477701898
20.46728971962617 0.7098753682779744 1.1739583592384304 1.3370449319211204 -0.17506038688092562
20.507343124165555 0.7576048779886372 1.2086460849583307 1.3292763586509289 -0.21242807433274208
20.54739652870494 0.8066398313205068 1.2391165093254883 1.3200629792282506 -0.24717645449192518
20.587449933244326 0.8568081796640009 1.2652161566631617 1.3095129655449664 -0.27914518990051823
20.62750333778371 0.9079320900592185 1.2868100679068017 1.2977406005643022 -0.3081899069154885
20.667556742323097 0.9598287084936085 1.303782409201944 1.2848656160758698 -0.3341828201401763
20.707610146862482 1.0123109374859394 1.3160370505479786 1.2710125163595245 -0.3570133302108607
20.747663551401867 1.0651882246599573 1.3234980908172824 1.2563098904111665 -0.376588571468451
20.787716955941256 1.1182673943956796 1.3261102104701659 1.2408896793978297 -0.3928337925305967
20.827770360480642 1.171353470909018 1.3238389866354843 1.2248864518645821 -0.4056927021729008
20.867823765020027 1.2242505210184902 1.3166710876915262 1.2084366578453603 -0.4151276990692578
20.907877169559413 1.2767625057521554 1.3046143652280724 1.1916778726587232 -0.42112000289572504
20.947930574098798 1.3286941209289724 1.2876978917227817 1.1747480502170027 -0.4236697342770443
20.987983978638184 1.3798516510045669 1.265971837144836 1.1577847610562684 -0.4227958382295679
21.02803738317757 1.4300438102347197 1.2395072846423016 1.1409244412630746 -0.4185359498344641
21.068090787716955 1.4790825738505635 1.2083959567952238 1.1243016493517008 -0.41094617392865596
21.108144192256344 1.5267839988069138 1.172749804218883 1.1080483311386364 -0.40010073122556206
21.14819759679573 1.5729690221936765 1.1327005704059951 1.0922931049587146 -0.3860915831155196
21.188251001335114 1.6174642438324056 1.088399183658757 1.077160559778513 -0.36902788790610186
21.2283044058745 1.660102685019883 1.0400150600986497 1.0627705746007814 -0.34903537135750484
21.268357810413885 1.7007245030754576 0.9877354573353261 1.0492376795845135 -0.3262557489276166
21.30841121495327 1.7391776948003186 0.9317646350980147 1.036670425510713 -0.30084595975037776
21.348464619492656 1.7753187900749954 0.8723228181630323 1.0251707604014184 -0.2729772077744785
21.38851802403204 1.8090134395682136 0.8096453168942183 1.014833507507133 -0.24283415889667928
21.428571428571427 1.840136941501925 0.743981592627389 1.0057459002410287 -0.21061408493611802
21.468624833110816 1.868574924973489 0.6755938847450639 0.9979869636096891 -0.17652558070516192
21.5086782376502 1.8942238075014555 0.6047561035497631 0.9916271122349518 -0.14078754131458088
21.548731642189587 1.9169910807594075 0.5317528233406801 0.9867279120824033 -0.10362823719052273
21.588785046728972 1.9367958410149178 0.45687779891990976 0.9833416045713455 -0.06528392656906792
21.628838451268358 1.9535691207823533 0.3804326909605744 0.9815108204288193 -0.025997672058633847
21.668891855807743 1.9672541911070645 0.30272569753214684 0.9812683201383351 0.013981933427667643
21.70894526034713 1.9778068076939874 0.22407009769707997 0.9826367868604065 0.0544021259173329
21.748998664886514 1.985195312562224 0.1447829968531058 0.9856287562762526 0.0950071321484828
21.7890520694259 1.9894007658003652 0.06518385827104309 0.9902465159809862 0.13553953867481391
21.82910547396529 1.9904170834915664 -0.01440700814413242 0.9964819969033016 0.1757417011601692
21.869158878504674 1.9882510308788741 -0.09366989017273063 1.0043168024271514 0.21535708823494942
21.90921228304406 1.9829221147155804 -0.17228702262587503 1.0137223326358602 0.25413153197660443
21.949265687583445 1.9744624943392832 -0.2499440703229407 1.0246598887045628 0.29181460738664594
21.98931909212283 1.9629168437636435 -0.32633152119279507 1.0370808218746543 0.3281609232398394
22.029372496662216 1.9483421178339084 -0.40114609742033275 1.0509267734732028 0.36293142985130183
22.0694259012016 1.9308072653291706 -0.4740920722068108 1.0661299636744122 0.3958946337698273
22.109479305740987 1.910392900506126 -0.5448826268126301 1.0826135183053793 0.4268278508461708
22.149532710280372 1.8871909344374003 -0.6132410945875743 1.1002918315533947 0.4555183482447684
22.18958611481976 1.8613041334970946 -0.6789022240502816 1.1190709973875894 0.4817645040759458
22.229639519359147 1.832845640289397 -0.7416133151994628 1.1388492741653302 0.5053768425907245
22.269692923898532 1.801938445205135 -0.8011353710856767 1.1595175951535002 0.5261790834183347
22.309746328437917 1.768714824821982 -0.8572441073855451 1.1809601073876481 0.5440090515236472
22.349799732977303 1.7333157176246725 -0.909730980601174 1.2030547698265799 0.5587196044683744
22.38985313751669 1.695890087399066 -0.9584040219678418 1.2256739588412968 0.5701793696418823
22.429906542056074 1.6565942618521488 -1.0030887836335551 1.2486850992604885 0.578273590793474
22.46995994659546 1.615591159629496 -1.0436289119336846 1.2719513918023244 0.5829046085850867
22.510013351134848 1.5730496273515762 -1.0798870074552946 1.2953324435804299 0.5839926230373526
22.550066755674234 1.529143586139197 -1.1117449756674598 1.3186850655752844 0.5814759555118005
22.59012016021362 1.4840513246692761 -1.1391047172196038 1.3418639402279111 0.5753116447707132
22.630173564753004 1.4379546273847579 -1.1618883151599013 1.3647224315525956 0.5654755493548661
22.67022696929239 1.3910380119384964 -1.180038509119394 1.3871132992759565 0.551962731943096
22.710280373831775 1.3434878553505814 -1.1935187130713034 1.4088895056818174 0.5347873966467714
22.75033377837116 1.295491590590251 -1.202313136641402 1.4299049578631076 0.5139829289236436
22.790387182910546 1.2472368625737353 -1.2064268538118925 1.450015287434872 0.4896018832211709
22.83044058744993 1.198910711423437 -1.2058861066580362 1.4690786114093333 0.4617162001000504
22.87049399198932 1.1506987450994073 -1.2007374466521994 1.4869562655991566 0.4304162922620227
22.910547396528706 1.102784266078761 -1.1910474491558551 1.5035136012300723 0.39581068675827535
22.95060080106809 1.0553473841824863 -1.1769024153835872 1.5186207945662065 0.35802565461021
22.990654205607477 1.0085644653101653 -1.1584082746639424 1.5321533370553024 0.31720504577104647
23.030707610146862 0.9626073424681464 -1.1356899641946192 1.5439927391173893 0.2735096084382343
23.070761014686248 0.9176424582406119 -1.1088905160253661 1.554027290301529 0.2271160219516286
23.110814419225633 0.8738300994271271 -1.0781702121050647 1.5621527313657828 0.17821599947186556
23.15086782376502 0.8313237461837144 -1.0437058783287787 1.568272821067647 0.12701552841365252
23.190921228304404 0.7902695751570442 -1.0056901836224141 1.572299749860968 0.07373412374987169
23.230974632843793 0.7508057533704162 -0.964330543949169 1.5741547464821224 0.018603688239586066
23.27102803738318 0.7130618473849011 -0.9198480420687909 1.5737685719975865 -0.03813260631455105
23.311081441922564 0.6771582886049683 -0.8724763072784131 1.5710819573809012 -0.09622147448586038
23.35113484646195 0.6432058930737595 -0.8224603751208927 1.5660459861336435 -0.15540069020796948
23.391188251001335 0.6113055119053049 -0.7700555979646255 1.5586223479816719 -0.2154002022889347
23.43124165554072 0.5815475676227212 -0.7155262597629369 1.548783698245137 -0.2759435445246815
23.471295060080106 0.5540117380837215 -0.6591443519135176 1.536513874775094 -0.3367490785964633
23.51134846461949 0.5287666625927508 -0.6011882096477686 1.5218080888547565 -0.3975313734984403
23.55140186915888 0.5058697201046851 -0.5419411606599294 1.5046730444749157 -0.4580025684050073
23.591455273698266 0.48536689164021096 -0.4816902325614049 1.4851269752403662 -0.5178736718913701
23.63150867823765 0.4672925988865209 -0.4207246512781648 1.4631996996502772 -0.5768560674022116
23.671562082777037 0.45166966027022576 -0.35933458274840413 1.4389325654064578 -0.6346627700292456
23.711615487316422 0.438509270784442 -0.2978096030913717 1.4123783631107723 -0.6910099516605349
23.751668891855807 0.42781105386574625 -0.23643733742062056 1.3836011723343744 -0.7456182928861769
23.791722296395193 0.4195631898547212 -0.17550227826699322 1.3526761357611548 -0.7982141508033005
23.83177570093458 0.41374255018798384 -0.11528416378494609 1.3196892166252507 -0.8485311637717612
23.871829105473964 0.41031491185212327 -0.056056808612345285 1.2847368873282292 -0.8963113991404592
23.911882510013353 0.40923522202524903 0.0019131496660300257 1.247925765881286 -0.9413065813144703
23.951935914552738 0.4104479252235576 0.05836769943647996 1.2093721851492492 -0.9832795108009162
23.991989319092124 0.4138873149382312 0.11305847759823895 1.169201748364016 -1.0220050538684986
24.03204272363151 0.41947795015017436 0.165747917503218 1.1275488167473344 -1.0572712531416835
24.072096128170895 0.42713511072366567 0.21621045034008035 1.0845559571148364 -1.088880487814764
24.11214953271028 0.4367653005486019 0.26423356795299613 1.0403733453237773 -1.1166504915255824
24.152202937249665 0.4482667864887571 0.3096187196075813 0.9951581384296884 -1.1404152007818662
24.19225634178905 0.4615301810544141 0.35218221251401605 0.9490738031696662 -1.1600256032670928
24.232309746328436 0.4764390509751535 0.3917560792815522 0.9022894196631008 -1.175350549717798
24.272363150867825 0.492870559341311 0.42818881979156376 0.8549789550070027 -1.186277436801646
24.31241655540721 0.5106961444555774 0.4613460617640548 0.8073205025106397 -1.1927128051624667
24.352469959946596 0.5297822140701304 0.4911111290270907 0.7594955082879312 -1.1945828421663969
24.39252336448598 0.5499908695254255 0.5173855533922564 0.711687969886849 -1.191833824871985
24.432576769025367 0.571180632962738 0.5400894667703026 0.6640836355611294 -1.1844324406489377
24.472630173564752 0.5932072123184443 0.5591619194244212 0.616869167792191 -1.1723660303829775
24.512683578104138 0.6159242494648086 0.5745610798029483 0.5702313277787749 -1.1556427112761558
24.552736982643523 0.6391841054166708 0.5862643721868728 0.5243561247633848 -1.1342914338614662
24.59279038718291 0.6628386118167273 0.5942684916022016 0.4794280036659794 -1.1083619148801491
24.632843791722298 0.6867398646762416 0.5985893431439678 0.4356289924625706 -1.077924490849441
24.672897196261683 0.7107409668976524 0.5992618702600688 0.3931379056466352 -1.0430698598173818
24.71295060080107 0.7346968114995971 0.5963398024297488 0.3521295090788362 -1.003908738747952
24.753004005340454 0.7584647999821328 0.5898953044853616 0.312773754763114 -0.960571422366551
24.79305740987984 0.781905599730167 0.5800185336446204 0.2752349788839789 -0.9132072459762031
24.833110814419225 0.8048838262197034 0.5668171171176009 0.23967118016042643 -0.8619839691877899
24.87316421895861 0.8272687647724092 0.5504155255295208 0.2062332610562379 -0.8070870515638723
24.913217623497996 0.8489349917152954 0.5309543952786074 0.1750643750858036 -0.7487188787436497
24.953271028037385 0.8697630440421443 0.5085897292289965 0.14629922796442682 -0.687097862504091
24.99332443257677 0.8896399870080997 0.483492072718225 0.12006348613050324 -0.6224575180759624
25.033377837116156 0.9084600045657056 0.4558455648072696 0.09647316544457268 -0.5550454131136956
25.07343124165554 0.9261249031949748 0.4258469764778267 0.07563411132832205 -0.4851221052396958
25.113484646194927 0.94254461125221 0.39370463950195567 0.05764148694921448 -0.41295996777124444
25.153538050734312 0.9576376128429157 0.35963735768727156 0.042579331249972235 -0.3388419987548935
25.193591455273697 0.9713313455620961 0.3238732438048514 0.030520157177369826 -0.2630605547386717
25.233644859813083 0.9835625537343922 0.28664851589800167 0.021524598443179183 -0.18591604385482313
25.27369826435247 0.9942775789067219 0.24820627343551302 0.015641123354566026 -0.1077155995614427
25.313751668891857 1.0034326233136297 0.20879519610920116 0.012905779553637232 -0.028771675797769666
25.353805073431243 1.0109939322356785 0.16866828773162912 0.013342024178889264 0.050599310148480806
25.39385847797063 1.016937956373543 0.12808150378863134 0.01696057797846342 0.13007845333058338
25.433911882510014 1.021251429091516 0.08729248078955013 0.0237593685985333 0.20934573108018145
25.4739652870494 1.0239314189818862 0.04655912913145423 0.03372350275630408 0.28808151200391435
25.514018691588785 1.0249853051189943 0.006138363146995809 0.046825319362695475 0.36596792314450516
25.55407209612817 1.0244307154595556 -0.03371529876553278 0.06302448393599513 0.4426903492923124
25.594125500667555 1.022295403018855 -0.0727509967015313 0.0822681485291933 0.5179387905118308
25.63417890520694 1.0186170717535041 -0.11072287894049647 0.10449116642398458 0.591409307857071
25.67423230974633 1.0134431535005393 -0.14739134251377406 0.12961635892319878 0.6628053562709169
25.714285714285715 1.0068305288955095 -0.18252429766068434 0.15755484236227574 0.73183914086307
25.7543391188251 0.9988452050409689 -0.21589836932878337 0.18820640167922525 0.7982329076634697
25.794392523364486 0.9895619426283 -0.24730004698349617 0.22145991810058932 0.8617201803727766
25.83444592790387 0.9790638348176964 -0.2765268249730293 0.25719384884489327 0.9220469863586142
25.874499332443257 0.9674418537313911 -0.3033882163353049 0.2952767418211076 0.978972951995519
25.914552736982643 0.954794334741776 -0.3277068029475467 0.33556781697028465 1.0322724341277296
25.954606141522028 0.9412264535553961 -0.3493191067960469 0.3779175563861269 1.0817354672421455
25.994659546061417 0.92684962674019 -0.36807651159320276 0.4221683759262985 1.12716876115905
26.034712950600802 0.9117809268635151 -0.3838459920897898 0.46815528304776605 1.1683965005459909
26.074766355140188 0.8961424160526286 -0.3965108733346569 0.5157066212037439 1.2052611741473134
26.114819759679573 0.8800605050680362 -0.405971415673461 0.5646447892865814 1.2376242241410031
26.15487316421896 0.8636652396389056 -0.41214538843793785 0.6147870383243603 1.2653666830117465
26.194926568758344 0.8470896095941632 -0.41496850343369607 0.6659462461451672 1.2883896653053815
26.23497997329773 0.8304688089191958 -0.4143947904082593 0.7179317446607345 1.3066147989825914
26.275033377837115 0.8139395097747592 -0.4103968636708128 0.7705501343250039 1.3199845436952489
26.3150867823765 0.7976391052999853 -0.4029661053658412 0.8236061326599512 1.3284624226230786
26.35514018691589 0.7817049198555481 -0.3921127768575468 0.8769034582463375 1.3320331795401565
26.395193591455275 0.7662735470654817 -0.3778659517247017 0.9302455836613907 1.3307027502582567
26.43524699599466 0.751480002028293 -0.3602734596438439 0.9834366830608258 1.324498245939996
26.475300400534046 0.7374570137792242 -0.33940168008313587 1.0362824357130005 1.313467779214026
26.51535380507343 0.7243343170568243 -0.315335242847643 1.0885908319054285 1.2976801933922806
26.555407209612817 0.7122378454568696 -0.288176655700141 1.1401730829666636 1.2772247169711055
26.595460614152202 0.7012891270533606 -0.2580458323210056 1.1908443223494944 1.2522105111240722
26.635514018691588 0.6916045246833882 -0.22507952085933436 1.2404244699939544 1.2227661166276895
26.675567423230973 0.6832945810433388 -0.18943066541015807 1.2887389891001122 1.1890388284512725
26.715620827770362 0.6764634461627981 -0.1512677019634331 1.335619558632465 1.1511939999607839
26.755674232309747 0.671208175175796 -0.11077370260140215 1.3809048828582071 1.1094141931543888
26.795727636849133 0.6676182469855872 -0.06814555330946608 1.4244412716512338 1.0638983564722062
26.83578104138852 0.6657749890301243 -0.023592966135493235 1.4660833207699386 1.014860833921642
26.875834445927904 0.6657510530453955 0.022662564541012353 1.5056945403505413 0.9625303141029655
26.91588785046729 0.6676100545888785 0.0703887416503634 1.5431478130659197 0.9071488385600178
26.955941255006675 0.671406082178897 0.11934368724647758 1.5783259913393584 0.8489705648458085
26.99599465954606 0.6771833654225607 0.16927709512745268 1.6111223285544232 0.788260593953686
27.03604806408545 0.6849759602768016 0.21993146095774682 1.641440894299705 0.7252937164877958
27.076101468624834 0.6948074854950231 0.2710433497776571 1.669196937210911 0.6603531174247854
27.11615487316422 0.7066909115704891 0.322344704701885 1.69431719470664 0.5937290353718514
27.156208277703605 0.7206283993141508 0.37356416553403016 1.7167401508526086 0.5257174087262959
27.19626168224299 0.7366111999246006 0.4244283936064932 1.7364162298074786 0.45661851177494217
27.236315086782376 0.7546196013489952 0.47466343378674447 1.7533079434572023 0.38673554946029265
27.27636849132176 0.7746229267579755 0.5239960920062438 1.7673899857794686 0.3163732327807045
27.316421895861147 0.7965795976751161 0.5721553483884744 1.7786492624874646 0.24583631312950333
27.356475300400533 0.8204372486783591 0.6188736199129397 1.7870848575468488 0.175428268617693
27.39652870493992 0.8461328712477233 0.6638881103760617 1.7927079756906774 0.1054498980188816
27.436582109479307 0.8735930546361209 0.7069420421182477 1.7955417783081078 0.03619802950954581
27.476635514018692 0.902734257672714 0.7477866445089232 1.7956212377982275 -0.032036555123386296
27.516688918558078 0.9334631474903196 0.7861814124578322 1.7929928088657325 -0.09896941315666015
27.556742323097463 0.9656769513367176 0.8218958313709548 1.7877141864169919 -0.16432425195055914
27.59679572763685 0.9992638803542792 0.8547105568484458 1.7798539536379068 -0.22783418207433292
27.636849132176234 1.034103607741734 0.8844184949728009 1.7694911697039928 -0.2892428729937395
27.67690253671562 1.0700677663976677 0.910825898114525 1.7567149394382948 -0.3483057269267133
27.716955941255005 1.1070205250490555 0.9337533453642493 1.7416238984574528 -0.40479094217646444
27.757009345794394 1.1448191551511235 0.9530367367583484 1.7243257082628225 -0.4584805896869186
27.79706275033378 1.1833146701021062 0.9685281447630497 1.704936472186365 -0.5091715514753463
27.837116154873165 1.2223525201925076 0.9800965859704065 1.6835800913990224 -0.556676382711494
27.87716955941255 1.2617732311857666 0.9876288126461957 1.6603876793784857 -0.6008241904263003
27.917222963951936 1.3014131918672993 0.9910298459441125 1.6354968145908613 -0.641461263253625
27.95727636849132 1.341105329138233 0.9902236586462418 1.609050913504067 -0.6784518439503826
27.997329773030707 1.3806799467173374 0.9851534722830227 1.5811984222542748 -0.7116785270400781
28.037383177570092 1.4199654286409211 0.9757823500088239 1.5520921571312492 -0.7410429435724243
28.077436582109478 1.4587891184870456 0.9620931844701799 1.5218884429497266 -0.7664658535999069
28.117489986648867 1.4969780446829624 0.9440891896184977 1.4907464272832758 -0.7878877316667708
28.157543391188252 1.5343597930187243 0.9217936745648488 1.4588272169240228 -0.8052686464883765
28.197596795727637 1.570763275889344 0.8952504323458053 1.4262931435069934 -0.8185887462527439
28.237650200267023 1.6060195413853482 0.8645232630072268 1.3933069529836972 -0.8278478866518031
28.27770360480641 1.639962652324831 0.8296957686493758 1.3600309363867626 -0.8330655318992434
28.317757009345794 1.672430400785388 0.7908712393626174 1.3266262291247775 -0.8342807385857869
28.35781041388518 1.7032650467949018 0.7481723444928698 1.2932520778855672 -0.8315519474498937
28.397863818424565 1.7323142074338296 0.7017403497740775 1.2600649366881047 -0.8249563114946802
28.437917222963954 1.7594314693693047 0.6517347920901312 1.2272178575639063 -0.8145894662744395
28.47797062750334 1.7844772040787127 0.5983326757591769 1.1948596601117039 -0.80056483388162
28.518024032042725 1.8073191950849206 0.5417277724512429 1.163134290392318 -0.7830130221226153
28.55807743658211 1.8278332937715878 0.4821297957602261 1.1321801466323942 -0.7620811004593412
28.598130841121495 1.8459040839419267 0.4197634638152107 1.102129391592227 -0.7379317650990121
28.63818424566088 1.8614254013851177 0.3548675530207898 1.0731074061527452 -0.7107424891145825
28.678237650200266 1.8743009504573822 0.28769380017094626 1.0452321422372381 -0.6807045265077232
28.71829105473965 1.8844447157918962 0.21850580350132875 1.0186136739696559 -0.6480219067097543
28.758344459279037 1.8917814911050608 0.14757792450482107 0.9933536358711637 -0.6129104345480414
28.798397863818426 1.8962472527625454 0.07519392054368854 0.9695448007158863 -0.5755964165687523
28.83845126835781 1.897789489178223 0.0016458101522465324 0.9472707076906659 -0.5363156161483285
28.878504672897197 1.8963675299070146 -0.0727675156685379 0.9266052821342285 -0.4953119570062087
28.918558077436582 1.8919528118740625 -0.14774163446108035 0.9076125170159743 -0.45283627107097213
28.958611481975968 1.8845290372955368 -0.22296796052032683 0.8903462570079623 -0.40914501435047707
28.998664886515353 1.8740923307420572 -0.2981351510578719 0.8748499817662393 -0.36449894535139404
29.03871829105474 1.8606513284094341 -0.3729305203088602 0.8611566536096211 -0.31916179243463744
29.078771695594124 1.8442271805449661 -0.44704149509365443 0.8492886459528677 -0.27339887707117905
29.11882510013351 1.8248535363037584 -0.520156916985673 0.8392576953007085 -0.22747588173417058
29.1588785046729 1.8025764610670925 -0.5919687210700314 0.8310648994556548 -0.18165725801809637
29.198931909212284 1.777454261999482 -0.6621730989439267 0.8247008266061842 -0.1362051188125855
29.23898531375167 1.7495573134509448 -0.7304719718377817 0.8201456092938445 -0.09137783764806788
29.279038718291055 1.71896779046398 -0.7965743881563199 0.8173691280728947 -0.047428715874494966
29.31909212283044 1.6857793603262063 -0.8601978420998828 0.816331237685945 -0.004604723429872653
29.359145527369826 1.6500968138565044 -0.9210695921479448 0.8169820489153883 0.036854761927032936
29.39919893190921 1.6120356401481404 -0.9789279383041672 0.8192622643429239 0.07671917770814186
29.439252336448597 1.5717215781383904 -1.0335233757949556 0.8231035403322874 0.11476788275582478
29.479305740987986 1.5292900869621904 -1.0846197957719454 0.8284289212022024 0.15079130967838378
29.51935914552737 1.4848857672964735 -1.131995595140274 0.8351533215095052 0.18459203170196026
29.559412550066757 1.4386619200025377 -1.175444458825861 0.8431838961759991 0.2159855151346439
29.599465954606142 1.390779662498119 -1.2147767214775576 0.8524207887099269 0.24480143087666567
29.639519359145527 1.3414073286004962 -1.2498201748262556 0.8627576433653354 0.2708844331330299
29.679572763684913 1.290719882630185 -1.2804205184602624 0.8740821168914176 0.2940945978500002
29.7196261682243 1.2388980550664095 -1.306442376720797 0.8862766191554128 0.31430840428500006
29.759679572763684 1.1861276247708914 -1.3277698961328874 0.8992189364399529 0.33141931447040157
29.79973297730307 1.132598600056999 -1.3443072153633568 0.9127829470854744 0.3453382314765149
29.83978638184246 1.078504423964651 -1.3559789677388776 0.9268393144415648 0.355993988879723
29.879839786381844 1.0240411402860996 -1.3627306330547917 0.9412562177514319 0.36333369616673533
29.91989319092123 0.9694065464708083 -1.3645287172430867 0.9559000962768839 0.36732291895597474
29.959946595460615 0.9147993844652602 -1.3613611956709242 0.9706363560653961 0.36794611184338016
30.0 0.8604184216847296 -1.353237107431898 0.9853301849513674 0.3652062385744862
