Operada por:    SMN EMAS
Longitud:       110°54'50"  Latitud: 31°17'52"  Altitud: 1269

DD/MM/AAAA     DIRS      DIRR      VELS      VELR      TEMP        HR        PB      PREC   RAD-SOL
11/11/2018       266       276      6.42     32.90      13.5        42     873.5       0.0     205.2
12/11/2018       347       345      4.68     33.40       9.9        36     876.7       0.0     215.1
13/11/2018        89       111     19.46     63.80       7.6        30     881.6       0.0     215.3
14/11/2018        99       124     16.86     53.40       9.7        22     881.1       0.0     149.0
15/11/2018       112       134      5.57     26.40      11.4        27     876.5       0.0     207.6
16/11/2018       205       222      2.97     26.40      12.6        28     875.1       0.0     193.0
17/11/2018       233       228      4.66     28.60      13.0        37     874.5       0.0     199.3
18/11/2018       236       282      2.98     22.30      12.8        32     875.4       0.0     190.3
19/11/2018        13       360      0.22     17.90      13.2        33     875.7       0.0     188.3
20/11/2018       172       229      3.88     32.00      14.7        34     874.6       0.0     182.7
21/11/2018       226       106      2.32     27.90      13.6        50     876.1       0.0     184.0
22/11/2018       242       231      4.85     31.00      13.5        55     876.9       0.0      59.0
23/11/2018        28       268      1.03     18.90      11.6        60     876.4       0.0     179.5
24/11/2018       249       265      2.98     31.40      11.4        43     872.2       0.0     143.2
25/11/2018       248       256      1.51     24.50      12.6        47     872.0       0.0     184.7
26/11/2018       116       108      0.78     24.40      12.6        41     875.5       0.0     155.2
27/11/2018       125        92      0.47     24.50      13.2        43     876.1       0.0     187.2
28/11/2018       231       254      5.09     34.70      14.5        35     873.4       0.0     184.7
29/11/2018       214       218      7.81     51.80      14.6        37     871.0       0.0     154.1
30/11/2018       224       214     18.03     51.40      11.8        63     868.2       3.2     115.2
01/12/2018
02/12/2018       249       260     12.15     34.10       9.2        69     870.2       0.0      96.0
03/12/2018       279       202      1.72     35.60       8.3        65     874.8       0.0     178.3
04/12/2018        36       330      0.74     15.10      10.2        49     876.0       0.0     160.7
05/12/2018       189       212      4.28     39.60      13.2        42     873.8       0.0     112.0
06/12/2018       190       240      9.90     44.40      13.9        61     873.7       0.0     127.3
07/12/2018       193       285      1.38     47.20      10.6        83     873.8       9.4      72.0
08/12/2018                                                                 873.8       0.0       9.0
09/12/2018         9        73      2.30     24.50      10.3        73     880.4       0.0     171.5
10/12/2018        95        78      6.55     28.30      11.0        58     878.1       0.0     143.4
11/12/2018                                                                             0.0
12/12/2018
13/12/2018       324       345      6.34     28.10       9.3        56     877.6       0.0     182.2
14/12/2018        89       335      2.66     28.70       7.9        34     880.4       0.0     124.5
15/12/2018        97       126      5.91     29.30      10.4        30     877.2       0.0      55.1
16/12/2018       160       175      2.78     30.10      12.1        39     878.0       0.0      65.0
17/12/2018       125       141      2.55     29.60      10.5        75     878.1       3.0     163.0
18/12/2018       353        42      3.53     33.60       9.7        69     876.7       0.0     174.1
19/12/2018       341       341      4.85     28.80      10.1        56     876.6       0.0     178.9
20/12/2018         2       350      1.86     25.90      13.7        43     878.2       0.0     179.2
21/12/2018       248       247      4.29     30.20      14.6        35     875.7       0.0     128.3
22/12/2018       251       267      4.49     26.30      15.7        27     874.8       0.0     176.2
23/12/2018       253       264      1.92     20.80      14.4        29     877.6       0.0     171.9
24/12/2018       255       267      3.47     30.20      14.2        38     875.4       0.0     172.9
25/12/2018       219       249     10.59     56.60      13.7        38     869.1       0.0     133.5
26/12/2018       242       267     13.39     45.20       6.8        76     867.2       5.2     120.8
27/12/2018       244       250      9.37     44.20       6.2        70     869.8       0.0     174.4
28/12/2018       256       287     11.60     43.20       5.9        66     868.3       7.0     166.0
29/12/2018        30        36      3.41     34.90       1.2        63     873.5       0.0     121.8
30/12/2018        13        52      5.49     29.30       2.6        66     872.2       0.0     180.8
31/12/2018       205       238     11.48     61.50       4.9        52     869.8       0.0     147.9
01/01/2019       235       220      8.04     41.90       5.0        79     869.5       4.4      77.8
02/01/2019       325       339      8.00     26.80       0.9        78     871.1       8.0     165.4
03/01/2019        44       359      3.05     21.40       1.8        68     876.3       0.2     198.8
04/01/2019       235       360      1.04     22.30       8.2        55     875.3       0.0     186.9
05/01/2019       158       212      4.07     37.00      12.2        42     874.2       0.0     139.5
06/01/2019       220       208      9.38     42.50      10.5        73     873.7      11.8      86.2
07/01/2019         6       286      1.00     21.30       7.0        76     878.2       0.4     162.5
08/01/2019       172       242      1.20     20.30      11.4        57     877.9       0.0     173.6
09/01/2019        96        94      1.51     19.80      13.4        48     877.6       0.0     130.7
10/01/2019       167       129      1.88     36.10      12.3        66     876.1       0.6      35.3
11/01/2019       232       284      0.60     21.70       9.0        77     875.5       0.2     168.9
12/01/2019       209       253      4.74     37.90       9.1        60     874.9       0.0     157.2
13/01/2019       206       246      6.13     32.50      10.6        68     874.1       1.6     119.2
14/01/2019       183       230      4.31     27.20      10.9        66     876.3       0.0     140.9
15/01/2019       168       195      5.94     34.10      11.7        54     876.4       0.0     129.8
16/01/2019       262       260      1.53     30.80      11.7        70     878.3       0.0     139.7
17/01/2019       264       272      2.35     33.60      11.8        63     878.4       0.0     188.7
18/01/2019       319       308      3.68     28.20      12.8        56     877.5       0.0     178.9
19/01/2019        53       100      5.89     30.80      11.4        55     879.3       0.0     197.5
20/01/2019       139       248      3.04     31.00      13.4        28     877.4       0.0     194.3
21/01/2019       236       236     10.21     61.10      14.5        32     872.5       0.0     188.6
22/01/2019       289       235      7.60     48.90       7.9        52     871.4       0.0     200.9
23/01/2019         0       346      6.27     31.80       6.2        46     878.7       0.0     204.8
24/01/2019       351        58      2.45     23.40       8.2        35     876.0       0.0     206.5
25/01/2019        16       332      2.35     27.60       9.8        35     875.7       0.0     211.0
26/01/2019                                                                 873.0       0.0     110.0
27/01/2019       292       312      2.05     30.20      11.2        34     877.7       0.0     207.2
28/01/2019       340       293      2.55     24.00      13.3        31     873.1       0.0     192.3
29/01/2019       256       275      4.46     32.30      13.6        37     872.3       0.0     127.6
30/01/2019       225       267      4.54     32.40      13.8        39     870.9       0.0     127.9
31/01/2019       217       234      5.10     30.10      13.4        42     872.6       0.0     193.2
01/02/2019                                                                 872.0       0.0      53.0
02/02/2019
03/02/2019
04/02/2019
05/02/2019       224       268     13.77     52.70      10.4        75     870.1       0.4     134.4
06/02/2019                                                                 869.0       0.0     114.0